14
5 2 6 3 31 5 37 10 41 15 46 17 11 19 17 20 18 26 23 32 26 34 84 38 88 39 94 43 78 45 79 50 84 55 85 57 86 19 88 24 94 26 96 84 99 89 96 92 99 75 78 77 81 99 83 96 86 78 92 82 75 84 78 88 84 89 86 92 88 73 94 76 100
2 2 6 5 11 10 15 12 21 14 23 5 26 31 29 32 32 34 35 39 44 42 48 26 51 27 57 33 63 37 68 42 91 48 73 50 78 67 79 69 85 74 86 79 91 85 73 24 74 25 79 31 82 35 86 38 92 41 73 46 77 50 78 67 84 73 88 75 90 79 92 82 78 86 83 89 86 91 24 92 25 75 29 77 33 99 44 97 26 100
6 6 10 31 11 37 5 38 6 42 11 45 5 26 11 31 12 33 14 35 17 39 20 45 23 26 24 29 30 33 32 35 34 41 39 45 42 46 26 51 27 55 30 61 34 67 39 91 42 97 45 78 50 83 50 86 53 90 59 92 65 96 67 78 69 84 73 90 79 75 83 79 24 81 30 86 31 92 34 75 38 79 42 83 44 24 11 84 15 24 5 84 11 90 12 75 15 78 19 79 25 99 27 78 32 83 35 85 44 89 46 75 11 78 17 83 22 88 84 73 89 76 75 82 77 86 82 92 88 75 94 99 99 78 99 82 100
3 6 8 12 31 17 32 18 34 22 42 25 26 27 31 32 34 38 35 41 42 46 44 48 46 50 50 53 67 67 69 72 75 77 81 83 24 86 84 89 24 94 27 75 29 99 33 78 44 84 50 24 50 30 67 34 72 39 73 45 78 11 81 14 82 5 88 11 89 5 75 6 77 31 82 37 83 43 84 26 89 32 73 37 76 39 81 43 86 45 89 51 94 57 96 63 97 60 97 19 78 23 81 24 85 84 24 90 30 73 34 74 35 75 38 77 42 82 26 24 27 30 30 35 44 42 26 48 29 51 33 53 39 55 45 57 51 58 50 59 53 19 59 25 63 84 67 90 72 92 73 94 77 96 82 78 84 99 90 96 75 78 76 81 77 24 83 84 88 90 91 92 92 75 75 77 99 81 75 84 81 85 85 24 90 84 92 86 94 90 97 92 99 96 78 78 83 83 86 89 92 94 97 100
5 5 11 10 15 11 18 12 20 15 21 21 23 24 26 26 27 84 32 89 38 90 44 73 50 78 67 84 68 88 74 90 99 75 100
38 5 41 31 44 32 48 33 50 38 50 42 50 45 53 46 53 50 58 53 19 59 24 65 29 68 31 70 32 72 33 76 44 78 26 84 31 90 34 73 37 76 43 77 46 81 11 83 17 89 19 91 20 92 22 78 27 79 32 83 35 86 38 92 42 78 26 99 32 99 35 97 39 78 42 81 44 24 48 27 50 31 67 34 73 42 77 44 78 48 82 67 24 72 30 75 44 79 45 99 26 99 31 100
5 3 31 14 37 17 41 22 42 25 46 84 50 88 51 73 53 75 57 79 63 81 60 84 60 90 65 91 66 92 72 96 73 99 78 96 84 97 85 99 24 100
6 5 8 7 12 10 18 13 23 5 84 8 90 14 91 15 96 18 78 19 84 24 24 27 27 33 33 35 38 41 43 46 46 11 51 14 67 15 91 19 96 25 100
5 6 31 7 33 11 37 14 38 19 44 21 45 27 51 84 53 86 59 91 65 75 70 79 72 83 76 86 79 88 84 73 88 78 89 82 91 24 92 26 73 30 74 31 77 33 82 37 88 39 73 42 79 46 85 11 91 12 92 15 78 21 82 26 24 29 84 31 86 32 24 38 30 43 34 46 35 51 37 55 41 58 26 60 84 66 85 72 91 75 75 99 78 75 82 78 24 84 27 24 30 25 35 29 37 32 38 35 42 39 26 42 84 44 90 26 96 27 78 84 79 90 83 96 89 99 94 96 75 99 78 96 82 97 86 99 24 97 26 78 31 81 35 86 41 92 26 97 32 78 35 83 38 85 39 24 42 25 45 27 26 29 29 34 33 35 37 38 39 43 42 44 45 50 50 55 51 59 57 63 58 69 63 73 68 74 91 99 75 96 79 78 82 99 88 100
38 5 42 10 26 15 32 19 33 20 37 24 42 27 45 84 46 88 50 91 67 75 69 99 75 99 81 75 24 81 30 24 32 29 37 33 42 44 26 26 31 30 37 32 42 38 46 42 51 46 53 26 67 30 68 31 69 33 70 44 74 48 78 51 84 53 85 59 24 65 29 91 32 75 38 77 43 79 45 81 50 82 55 84 59 88 19 73 22 78 27 83 32 86 33 24 39 30 42 44 45 46 50 26 55 30 58 35 59 37 60 39 66 45 69 11 70 13 73 5 78 11 84 14 24 15 26 21 30 24 31 30 33 33 35 34 42 44 46 46 11 50 15 50 5 51 11 53 14 67 18 91 24 75 29 99 31 75 34 81 38 83 44 84 50 24 53 26 67 29 68 34 91 39 73 41 76 44 77 45 81 48 85 50 24 51 25 57 84 61 86 67 24 72 27 77 29 99 31 97 34 97 42 100
6 3 8 14 11 18 5 19 11 24 14 84 19 90 25 94 84 97 90 99 92 99 96 78 78 82 79 24 82 25 88 84 90 86 75 88 99 92 99 78 99 83 97 89 99 92 75 96 79 78 83 82 86 84 88 85 90 89 75 92 76 96 79 99 82 99 24 78 26 82 30 84 31 88 37 90 43 96 11 78 13 82 15 84 5 24 6 29 12 31 15 33 20 35 26 44 30 45 32 11 34 12 35 14 38 5 44 31 50 37 55 42 58 44 19 11 21 13 23 14 25 5 29 10 35 13 38 18 42 20 26 24 30 25 35 27 37 33 38 44 41 48 42 67 43 91 46 97 51 97 50 100
6 38 11 39 14 43 19 11 25 12 27 14 31 5 32 10 35 11 37 12 38 5 39 11 42 14 45 17 26 22 32 24 34 84 37 86 39 90 41 75 42 81 43 85 26 91 32 97 44 97 45 99 48 78 11 99 17 78 20 81 25 83 31 84 35 89 42 94 45 75 46 78 11 84 13 88 19 91 20 96 22 99 23 97 26 78 29 99 31 99 33 99 34 75 39 78 42 83 44 24 48 29 53 33 58 39 60 43 65 11 69 15 70 19 91 25 92 31 78 33 99 44 97 46 78 11 82 17 85 21 88 22 94 26 78 84 83 24 88 26 92 31 73 33 79 44 82 46 85 26 91 31 96 32 99 38 75 42 76 48 77 50 83 50 84 55 90 57 92 60 96 61 99 60 100
2 3 3 6 14 11 5 5 10 31 11 33 13 34 19 37 25 38 26 42 30 48 44 53 48 67 11 70 15 75 17 81 22 24 23 26 29 30 34 44 38 11 39 5 42 10 44 11 26 12 32 13 35 19 42 21 45 23 50 27 53 33 53 38 55 42 53 48 57 53 61 55 63 57 67 63 69 67 73 68 77 73 99 77 96 78 78 99 82 100
6 5 8 6 13 10 18 11 19 13 25 17 84 21 89 24 92 29 73 33 79 38 85 42 86 46 89 51 75 50 77 51 83 53 84 58 24 60 25 60 29 19 31 24 44 84 50 90 67 75 73 81 76 83 99 84 96 90 78 92 83 78 89 84 91 85 97 90 99 92 100